{
  "advancedEditorSelectedIdentifier" : "ProjectBrowser",
  "openSceneRelativePaths" : [
    "Scene.usda"
  ],
  "recentIdentifiers" : {
    "26DBAE76-5DD8-47B6-A085-1B4ADA111097" : [

    ]
  },
  "sceneCameraHistory" : {
    "26DBAE76-5DD8-47B6-A085-1B4ADA111097" : [
      {
        "date" : 750787377.002572,
        "title" : "Untitled",
        "transform" : [
          0.91622674,
          1.3955761e-09,
          0.4006603,
          0,
          0.160974,
          0.91573983,
          -0.36811396,
          0,
          -0.3669006,
          0.40177172,
          0.83902526,
          0,
          -0.12497419,
          0.32204607,
          0.376103,
          1
        ]
      },
      {
        "date" : 750787375.60354,
        "title" : "Untitled",
        "transform" : [
          0.91622674,
          1.3955761e-09,
          0.4006603,
          0,
          0.160974,
          0.91573983,
          -0.36811396,
          0,
          -0.3669006,
          0.40177172,
          0.83902526,
          0,
          -0.11605838,
          0.31791565,
          0.38197976,
          1
        ]
      },
      {
        "date" : 750787373.6879,
        "title" : "Untitled",
        "transform" : [
          0.91622674,
          1.3955761e-09,
          0.4006603,
          0,
          0.160974,
          0.91573983,
          -0.36811396,
          0,
          -0.3669006,
          0.40177172,
          0.83902526,
          0,
          -0.11605837,
          0.31791565,
          0.38197973,
          1
        ]
      },
      {
        "date" : 750787369.366863,
        "title" : "Untitled",
        "transform" : [
          0.9820055,
          3.927283e-09,
          -0.18885256,
          0,
          0.016671836,
          0.9960957,
          0.08669102,
          0,
          0.18811525,
          -0.088279575,
          0.9781714,
          0,
          0.12816107,
          0.10459332,
          0.4190915,
          1
        ]
      },
      {
        "date" : 750787364.319991,
        "title" : "Untitled",
        "transform" : [
          0.9820055,
          3.927283e-09,
          -0.18885256,
          0,
          0.016671836,
          0.9960957,
          0.08669102,
          0,
          0.18811525,
          -0.088279575,
          0.9781714,
          0,
          0.12816107,
          0.10459332,
          0.4190915,
          1
        ]
      },
      {
        "date" : 750787361.036508,
        "title" : "Untitled",
        "transform" : [
          0.9820055,
          3.927283e-09,
          -0.18885256,
          0,
          0.016671836,
          0.9960957,
          0.08669102,
          0,
          0.18811525,
          -0.088279575,
          0.9781714,
          0,
          0.089381084,
          0.13447621,
          0.42924628,
          1
        ]
      },
      {
        "date" : 750787358.286299,
        "title" : "Untitled",
        "transform" : [
          0.9820055,
          3.927283e-09,
          -0.18885256,
          0,
          0.016671836,
          0.9960957,
          0.08669102,
          0,
          0.18811525,
          -0.088279575,
          0.9781714,
          0,
          0.11700729,
          0.024905562,
          0.41404444,
          1
        ]
      },
      {
        "date" : 750787342.019911,
        "title" : "Untitled",
        "transform" : [
          0.9820055,
          3.927283e-09,
          -0.18885256,
          0,
          0.016671836,
          0.9960957,
          0.08669102,
          0,
          0.18811525,
          -0.088279575,
          0.9781714,
          0,
          0.11545691,
          0.026799142,
          0.41451347,
          1
        ]
      },
      {
        "date" : 750787333.13613,
        "title" : "Untitled",
        "transform" : [
          0.9820055,
          3.927283e-09,
          -0.18885256,
          0,
          0.016671836,
          0.9960957,
          0.08669102,
          0,
          0.18811525,
          -0.088279575,
          0.9781714,
          0,
          0.008516195,
          0.019807108,
          0.43444872,
          1
        ]
      },
      {
        "date" : 750787316.807127,
        "title" : "Untitled",
        "transform" : [
          0.9820055,
          3.927283e-09,
          -0.18885256,
          0,
          0.016671836,
          0.9960957,
          0.08669102,
          0,
          0.18811525,
          -0.088279575,
          0.9781714,
          0,
          -0.006363419,
          0.06585879,
          0.44146636,
          1
        ]
      }
    ]
  }
}